#################### CLUSTER (Sun Jul  2 17:15:27 2023) ####################

Location: SSudan
Mapset:   PERMANENT
Group:    L8_2023
Subgroup: res_30m
 L8_2023_01@PERMANENT
 L8_2023_02@PERMANENT
 L8_2023_03@PERMANENT
 L8_2023_04@PERMANENT
 L8_2023_05@PERMANENT
 L8_2023_06@PERMANENT
 L8_2023_07@PERMANENT
Result signature file: cluster_L8_2023

Region
  North:    915615.00  East:    414315.00
  South:    683085.00  West:    190755.00
  Res:          30.00  Res:         30.00
  Rows:          7751  Cols:         7452  Cells: 57760452
Mask: нет

Cluster parameters
  Nombre de classes initiales: 	10
 Minimum class size:           17
 Minimum class separation:     0.000000
 Percent convergence:          98.000000
 Maximum number of iterations: 30

 Row sampling interval:        77
 Col sampling interval:        74

Sample size: 7130 points


means and standard deviations for 7 bands

moyennes 8421.4 8830.51 9860.77 10045.3 15129.5 14889.5 12501.4
écart-type 501.472 521.416 556.377 909.987 2185.07 2343.84 2101.7


initial means for each band

classe 1    7919.93 8309.09 9304.39 9135.34 12944.4 12545.7 10399.7
classe 2    8031.37 8424.96 9428.03 9337.56 13430 13066.5 10866.8
classe 3    8142.81 8540.83 9551.67 9539.78 13915.5 13587.4 11333.8
classe 4    8254.25 8656.7 9675.31 9742 14401.1 14108.2 11800.9
classe 5    8365.69 8772.58 9798.95 9944.22 14886.7 14629.1 12267.9
classe 6    8477.12 8888.45 9922.59 10146.4 15372.2 15149.9 12735
classe 7    8588.56 9004.32 10046.2 10348.7 15857.8 15670.8 13202
classe 8    8700 9120.19 10169.9 10550.9 16343.4 16191.6 13669.1
classe 9    8811.44 9236.06 10293.5 10753.1 16829 16712.5 14136.1
classe 10   8922.88 9351.93 10417.1 10955.3 17314.5 17233.4 14603.1


class means/stddev for each band


class 1 (796)
moyennes 7645.62 8018.82 8982.33 8767.88 12286.9 10238.3 8935.37
écart-type 249.9 247.747 507.161 533.676 2285.59 1433.35 846.695

class 2 (249)
moyennes 7886.28 8274.46 9429.82 9212.12 14968.9 12415.6 10215.6
écart-type 288.223 231.943 283.753 372.68 1301.9 477.163 690.02

class 3 (393)
moyennes 7995.64 8380.79 9484.26 9360.16 15319.7 13079.6 10646
écart-type 300.43 252.61 270.546 404.861 1428.28 537.413 787.879

class 4 (535)
moyennes 8136.41 8495.64 9534.36 9451.01 15788.3 13694.1 11137.9
écart-type 366.343 327.551 241.999 503.584 2038.02 663.91 1150.67

class 5 (930)
moyennes 8331.4 8681.42 9645.34 9659.15 15790.9 14365.6 11874.9
écart-type 380.584 364.165 238.897 576.983 2462.92 761.024 1416.43

class 6 (1241)
moyennes 8540.5 8928.02 9878.36 10126.7 14992.4 15235.5 13047.6
écart-type 340.762 328.939 231.935 537.695 2033.01 658.375 1292.29

class 7 (1193)
moyennes 8667.48 9090.77 10078.3 10452.4 14898.8 15950.4 13746.3
écart-type 307.117 280.94 212.902 473.407 1436.93 452.506 992.566

class 8 (784)
moyennes 8732.87 9181.06 10235.7 10661.5 15520.7 16579.1 13954.9
écart-type 298.978 284.038 261.438 597.363 1550.44 498.304 1070.32

class 9 (430)
moyennes 8803.66 9286.36 10422.8 10911.5 15993.6 17215.5 14281.2
écart-type 287.667 273.022 279.462 641.946 1449.06 542.002 1014.69

class 10 (579)
moyennes 8947.05 9481.24 10746 11303.7 16903.4 18579.6 14887.5
écart-type 315.922 327.748 391.666 749.539 1315.55 924.614 1126.66

Distribution des classes
        796        249        393        535        930
       1241       1193        784        430        579

######## iteration 1 ###########
10 classes, 57.70% points stable
Distribution des classes
        519        545        356        803        714
        878       1691        605        573        446

######## iteration 2 ###########
10 classes, 80.55% points stable
Distribution des classes
        394        563        559        689        828
        872       1529        751        547        398

######## iteration 3 ###########
10 classes, 90.94% points stable
Distribution des classes
        324        593        720        623        816
        827       1412        860        578        377

######## iteration 4 ###########
10 classes, 94.45% points stable
Distribution des classes
        302        579        815        594        795
        810       1332        928        580        395

######## iteration 5 ###########
10 classes, 96.79% points stable
Distribution des classes
        292        569        850        582        792
        796       1278        966        590        415

######## iteration 6 ###########
10 classes, 98.11% points stable
Distribution des classes
        285        561        869        576        791
        772       1254       1008        587        427

########## final results #############
10 classes (convergence=98.1%)

class separability matrix


         1     2     3     4     5     6     7     8     9    10

  1      0
  2    1.5     0
  3    2.6   0.9     0
  4    2.5   1.1   0.8     0
  5    3.5   1.9   1.0   1.4     0
  6    3.8   2.2   1.4   2.0   0.9     0
  7    5.1   3.2   2.4   3.1   1.6   0.9     0
  8    4.5   2.7   1.9   2.4   1.0   0.8   0.8     0
  9    5.0   3.3   2.6   3.1   1.8   1.5   1.0   0.9     0
 10    4.5   3.0   2.3   2.5   1.5   1.7   1.5   1.0   0.7     0


class means/stddev for each band


class 1 (285)
moyennes 7594.85 7885.74 8497.67 8306.97 9596.19 8548.39 8016.44
écart-type 291.276 279.305 368.51 388.722 1128.57 642.956 349.557

class 2 (561)
moyennes 7684.54 8105.88 9277.21 9054.41 13870.1 11272.6 9499.08
écart-type 217.987 191.277 349.955 422.456 1059.58 735.951 562.927

class 3 (869)
moyennes 7978.41 8376.32 9528.52 9411.73 15621.6 13320.8 10652.6
écart-type 212.736 179.089 261.218 367.555 865.027 712.06 532.554

class 4 (576)
moyennes 7950.51 8255.49 9404.54 8888.9 19192.1 13280.8 10102.4
écart-type 205.518 176.513 242.246 300.286 1377.16 825.594 510.283

class 5 (791)
moyennes 8312.09 8693.21 9823.69 9818.62 16811.1 15394.6 12068.6
écart-type 244.483 203.421 248.511 358.325 1008.59 724.323 522.126

class 6 (772)
moyennes 8624.15 8976.15 9777.07 10072.7 13661.9 14833 13028.4
écart-type 292.114 217.728 194.839 325.809 907.76 572.621 596.835

class 7 (1254)
moyennes 8839.39 9265.98 10126.7 10638 13597.8 15860.3 14493.3
écart-type 220.837 168.611 198.678 333.629 568.668 495.344 508.19

class 8 (1008)
moyennes 8627.51 9061.16 10099.3 10508.9 15352.8 16319.6 13513.2
écart-type 259.413 205.87 229.255 432.924 662.375 614.069 479.588

class 9 (587)
moyennes 8973.38 9484.69 10602 11344.6 15196.7 17361.5 15151.6
écart-type 271.721 248.349 313.248 539.514 656.863 704.951 736.767

class 10 (427)
moyennes 8841.02 9381.48 10685.8 11106.6 17411.9 18777.9 14406.2
écart-type 301.157 320.944 395.593 698.776 861.629 902.921 970.502



#################### CLASSES ####################

10 classes, 98.11% points stable

######## CLUSTER END (Sun Jul  2 17:15:27 2023) ########
